This is the execution time of COX2:
max: 0.0018703937530517578
min: 0.0013561248779296875
median: 0.00136566162109375
