This is the execution time of BZR:
max: 0.0015752315521240234
min: 0.001146078109741211
median: 0.0011922121047973633
