This is the execution time of D4:
max: 0.000952592514038086
min: 0.0009055137634277344
median: 0.0009371042251586914
