This is the execution time of D1:
max: 0.002240801544189453
min: 0.002052783966064453
median: 0.0021359920501708984
