This is the execution time of D3:
max: 0.00092614881896973
min: 0.0007925033569335938
median: 0.0008705854415893555
