This is the execution time of D2:
max: 0.0005486243743896484
min: 0.0005431175231933594
median: 0.0005450248718261719
