This is the execution time of D3:
max: 0.00013441084289550823
min: 0.00012135505676269531
median: 0.0001285076141357422
