This is the execution time of D4:
max: 0.00016168853759765625
min: 0.00015616416931152344
median: 0.0001590251922607422
