This is the execution time of D1:
max: 0.00013303756713867188
min: 0.00011110305786132812
median: 0.00011217594146728516
