This is the execution time of D2:
max: 0.0001098590545654297
min: 9.965896606445312e-05
median: 0.0001049041748046875
