This is the execution time of DHFR:
max: 0.0007677078247070312
min: 0.0006213188171386719
median: 0.0006662607192993164
