This is the execution time of BZR:
max: 0.0004363059997558594
min: 0.0003788471221923828
median: 0.0004036426544189453
