This is the execution time of ENZYMES:
max: 0.00095367431640625
min: 0.0008404254913330078
median: 0.0008772611618041992
