This is the execution time of COX2:
max: 0.0003299713134765625
min: 0.00026702880859375
median: 0.0002796649932861328
