This is the execution time of AIDS:
max: 0.0008614063262939453
min: 0.0007603168487548828
median: 0.0008242130279541016
