This is the execution time of D1:
max: 0.00031351288986206055
min: 0.00029969215393066406
median: 0.0003033876419067383
