This is the execution time of D4:
max: 0.0005964797363281208
min: 0.0005881786346435547
median: 0.0005919933319091797
