This is the execution time of D3:
max: 0.00045871734619140625
min: 0.00034546852111816406
median: 0.0003459453582763672
