This is the execution time of D2:
max: 0.0006612210235595703
min: 0.0006351470947265625
median: 0.0006440877914428711
